1
     2     3     0     4     1     5
     4     5     1     3     0     2
     0     1     2     5     4     3
     3     4     5     0     2     1
     1     0     3     2     5     4
     5     2     4     1     3     0


2

     2     3     0     4     1     5
     4     5     1     3     0     2
     0     1     2     5     4     3
     3     4     5     1     2     0
     1     0     3     2     5     4
     5     2     4     0     3     1


3

     2     3     0     4     1     5
     4     5     1     3     2     0
     0     1     2     5     4     3
     3     4     5     1     0     2
     1     0     3     2     5     4
     5     2     4     0     3     1


4

     2     3     0     5     1     4
     4     5     1     3     0     2
     0     1     2     4     5     3
     3     4     5     0     2     1
     1     0     3     2     4     5
     5     2     4     1     3     0


5

     2     3     0     5     1     4
     4     5     1     3     0     2
     0     1     2     4     5     3
     3     4     5     1     2     0
     1     0     3     2     4     5
     5     2     4     0     3     1


6

     2     3     0     5     1     4
     4     5     1     3     2     0
     0     1     2     4     5     3
     3     4     5     1     0     2
     1     0     3     2     4     5
     5     2     4     0     3     1


7

     2     3     0     4     1     5
     4     5     1     3     0     2
     0     1     2     5     3     4
     3     4     5     0     2     1
     1     0     4     2     5     3
     5     2     3     1     4     0


8

     2     3     0     4     1     5
     4     5     1     3     0     2
     0     1     2     5     3     4
     3     4     5     1     2     0
     1     0     4     2     5     3
     5     2     3     0     4     1


9

     2     3     0     4     1     5
     4     5     1     3     2     0
     0     1     2     5     3     4
     3     4     5     1     0     2
     1     0     4     2     5     3
     5     2     3     0     4     1


10

     2     3     0     5     1     4
     4     5     1     3     0     2
     0     1     2     4     3     5
     3     4     5     0     2     1
     1     0     4     2     5     3
     5     2     3     1     4     0


11

     2     3     0     5     1     4
     4     5     1     3     0     2
     0     1     2     4     5     3
     3     4     5     0     2     1
     1     0     4     2     3     5
     5     2     3     1     4     0


12

     2     3     0     5     1     4
     4     5     1     3     0     2
     0     1     2     4     3     5
     3     4     5     1     2     0
     1     0     4     2     5     3
     5     2     3     0     4     1


13

     2     3     0     5     1     4
     4     5     1     3     0     2
     0     1     2     4     5     3
     3     4     5     1     2     0
     1     0     4     2     3     5
     5     2     3     0     4     1


14

     2     3     0     5     1     4
     4     5     1     3     2     0
     0     1     2     4     5     3
     3     4     5     1     0     2
     1     0     4     2     3     5
     5     2     3     0     4     1


15

     2     3     1     4     0     5
     4     5     0     3     2     1
     0     1     2     5     4     3
     3     4     5     0     1     2
     1     0     3     2     5     4
     5     2     4     1     3     0


16

     2     3     1     5     0     4
     4     5     0     3     2     1
     0     1     2     4     5     3
     3     4     5     0     1     2
     1     0     3     2     4     5
     5     2     4     1     3     0


17

     2     3     1     5     0     4
     4     5     0     3     1     2
     0     1     2     4     5     3
     3     4     5     1     2     0
     1     0     3     2     4     5
     5     2     4     0     3     1


18

     2     3     1     4     0     5
     4     5     0     3     2     1
     0     1     2     5     3     4
     3     4     5     0     1     2
     1     0     4     2     5     3
     5     2     3     1     4     0


19

     2     3     1     5     0     4
     4     5     0     3     1     2
     0     1     2     4     3     5
     3     4     5     0     2     1
     1     0     4     2     5     3
     5     2     3     1     4     0


20

     2     3     1     5     0     4
     4     5     0     3     1     2
     0     1     2     4     5     3
     3     4     5     1     2     0
     1     0     4     2     3     5
     5     2     3     0     4     1


21

     2     3     0     4     1     5
     4     5     1     3     2     0
     0     1     2     5     4     3
     3     4     5     2     0     1
     1     2     3     0     5     4
     5     0     4     1     3     2


22

     2     3     0     4     1     5
     4     5     1     3     2     0
     0     1     2     5     3     4
     3     4     5     2     0     1
     1     2     4     0     5     3
     5     0     3     1     4     2


23

     2     3     0     5     1     4
     4     5     1     3     0     2
     0     1     2     4     5     3
     3     4     5     1     2     0
     1     2     4     0     3     5
     5     0     3     2     4     1


24

     2     3     1     4     0     5
     4     5     0     3     2     1
     0     1     2     5     4     3
     3     4     5     2     1     0
     1     2     3     0     5     4
     5     0     4     1     3     2


25

     2     3     1     5     0     4
     4     5     0     3     1     2
     0     1     2     4     5     3
     3     4     5     1     2     0
     1     2     3     0     4     5
     5     0     4     2     3     1


26

     2     5     0     3     1     4
     4     3     1     5     0     2
     0     1     2     4     5     3
     3     4     5     1     2     0
     1     0     4     2     3     5
     5     2     3     0     4     1